%% {pitch, roll, x, y, yaw, z}
baselinkToOuster = [-0.0, 0.0, 0.0, 0.0, 0.0, 0.0];
baselinkToNerianRight = [-0.0038141387267015213, -1.6245412659797758,-0.37248559563894895,0.07467664197498187,1.5582340753248674, -0.14269954267586402];
baselinkToNerianLeft = [-0.007099158060843434,-1.6028769061605985,-0.3871360982688125,-0.13351176432909287,1.57109012037868,-0.21173155687198994];
baselinkToBasler = [-0.010201627423056086, -1.6071000239658966, -0.38350421984687666, 0.043301486435823905,1.5355569755499963,-0.15927524938581641];
baselinkToVelodyne = [0.0390995665420722, -0.009476008522427538,-0.24245793426132592,-0.029376830871064345,3.1238505038427933,-0.04079957577151242];