%YAML:1.0
image_width: 1920
image_height: 1200
# distortion_parameters:
k1: -0.143575
k2: 0.060222
p1: 0.003512
p2: -0.003500
k3: 0
# projection_parameters:
fx: 2747.08799
fy: 2741.04957
cx: 943.43396
cy: 667.84948
